3.5887440619705006e-05
4.4151413523528094e-05
2.238534158089634e-05
3.44573718511199e-05
5.904074094025818e-05
2.7036619574109147e-05
3.486325475573368e-05
0.00018749291601907826
2.301258947946411e-05
5.676721129341018e-05
0.00010103725723314231
7.412453874356576e-05
3.375962582332515e-05
2.570228096460085e-05
0.0005457880073485371
0.0001790505350825211
7.535743074452256e-05
4.1156811246323234e-05
0.0005465703664194604
5.246447800172591e-05
7.391072510603324e-05
8.908658287502888e-05
3.836981174531353e-05
0.001523571849190104
8.870113404552406e-05
4.347990713977564e-05
0.0010807914924766517
1.9883135355286908e-05
6.156526365124538e-05
2.9614104292114344e-05
2.244025175190726e-05
0.0015913926007297776
3.406940543823266e-05
0.0003443111782747363
0.00018080930756803203
3.9138242494675785e-05
5.575801225604203e-05
2.7332071515218144e-05
0.0002263355210817062
0.0007446151673506259
0.00044583128999030097
0.004244935628970078
5.076179666922909e-05
0.015867936704747097
0.0009170715213193768
0.0027859430913057147
2.0031027513570962e-05
2.405428231659509e-05
0.0012583743623573243
2.0088362759074337e-05
0.00019884148802062462
5.1373330983396524e-05
0.00015843038192334957
6.417509234785346e-05
2.0995277033237267e-05
2.3495908378654016e-05
2.471773373598044e-05
2.3152150693464568e-05
2.7063076279128123e-05
0.0003489978280434336
5.039620305758737e-05
8.060096644393482e-05
5.624473790932148e-05
2.158348427936024e-05
0.0003358491245806436
4.1653448182616246e-05
0.0019079164886502515
2.8836036415552685e-05
0.019311582081568947
0.001115520944498259
2.0666933776192455e-05
2.203773260732475e-05
4.272852520591309e-05
3.174786164784433e-05
4.170188013736696e-05
7.36386929665412e-05
2.184478708736645e-05
6.084500621448341e-05
3.1671354823897615e-05
2.297749591017605e-05
2.7601607074021924e-05
5.4140425140977286e-05
1.989874776088146e-05
2.204761587679195e-05
0.00010932657510234284
0.0001514989246810944
5.358963614239548e-05
2.061639351619896e-05
3.7127211785594825e-05
4.129225926919967e-05
0.000212766244859994
3.794001611853975e-05
0.0027863072869988193
2.1789475302884373e-05
0.0012023451420024405
6.152399849581507e-05
3.582987730777184e-05
0.00015905049826390408
3.473271481793062e-05
5.247337553455655e-05
4.377283251863638e-05
2.4888670059562434e-05
4.601721885551355e-05
7.234924147685104e-05
4.951835975843584e-05
6.316662730011594e-05
7.039721395390404e-05
0.00032431346886615517
0.001446883101852112
2.0646774601414788e-05
0.0002222627505441645
4.362382298378829e-05
5.8367193293565024e-05
3.6357638804244376e-05
3.135396241736292e-05
4.618095916457718e-05
4.3345810828782127e-05
3.25391408479599e-05
2.0300470453232823e-05
1.9637862520642723e-05
3.294845442859267e-05
3.881593944611459e-05
8.170603634239145e-05
6.30097321593885e-05
0.00524457213607505
2.031524682856573e-05
4.125638047914858e-05
4.798104382527859e-05
7.878006106831508e-05
2.38974501749628e-05
2.4842169056278386e-05
0.0009866699387524112
3.5583297872130534e-05
6.507427518783191e-05
2.217735322857224e-05
8.663468612798231e-05
3.41899547841571e-05
2.9994520086699914e-05
1.9631644578165354e-05
1.9633279328038726e-05
1.968357477332043e-05
9.694740775479181e-05
1.9973301250520243e-05
4.506478319083865e-05
2.356559206029319e-05
5.2558373073120445e-05
0.00033319109001287496
2.9223482468437548e-05
6.367404531575287e-05
4.928812884337877e-05
0.00200264810425272
4.6595084332035655e-05
0.001346596672882815
0.0019483712028344285
0.0009729030990288177
0.00011346904016015059
2.815917472781087e-05
2.5603297656694315e-05
3.9482644346047424e-05
3.67774459690248e-05
0.0003494474245921433
2.985655787006991e-05
5.024715062542494e-05
1.9595697644861983e-05
8.846668065956962e-05
0.007075173579242428
2.017138685319601e-05
0.0009609922325492618
0.005416192490581497
3.071177952814e-05
2.4844202500191835e-05
6.475936170889352e-05
1.9980437443090196e-05
2.591950846861547e-05
2.165614563767803e-05
2.5761990800275276e-05
2.1046635209966256e-05
3.6760542241467656e-05
2.6330744063603923e-05
0.0019678802728809526
5.345456961512337e-05
5.090384102320622e-05
2.675062067257244e-05
5.2345410185205044e-05
2.2786087260561612e-05
9.606262212835465e-05
2.5280138424316482e-05
2.319280507300444e-05
7.443641909727813e-05
7.005265277042444e-05
3.260809295897935e-05
2.0843178598427412e-05
2.230332105677653e-05
7.116266171003046e-05
2.0878491711822307e-05
3.892668830772385e-05
2.0449570533874753e-05
3.724467856082108e-05
1.9724352010840716e-05
0.00017458692736229659
0.00011976896043222818
6.822195973059035e-05
5.024284471199043e-05
4.243385016475161e-05
4.0659053741475305e-05
2.2513437955110372e-05
4.570436313941991e-05
0.00012911205928944322
1.9596618424755768e-05
0.00024378075737487974
2.459913369284432e-05
2.2686253429701452e-05
3.348220589675788e-05
1.9684773441871872e-05
0.00014820746924007204
3.511253782144563e-05
6.407973916744328e-05
4.633123002613046e-05
0.009236253601438508
0.00011964333121662267
0.0011279096972409272
2.313820039416034e-05
2.184871795284364e-05
7.364326319696314e-05
5.700210614306094e-05
5.3228081142090056e-05
1.9942872089143108e-05
2.121940503380309e-05
2.5452170378523003e-05
3.5384032893160145e-05
0.0029158607530020485
3.1827267363999645e-05
0.00026333285315032975
0.00028914295606601
5.327792030354033e-05
0.0007105272491701024
0.0002289753377776492
4.4740738347529284e-05
2.8695646760742685e-05
5.1916185358812076e-05
4.261216277534906e-05
2.0626358652948352e-05
3.8701302209683955e-05
4.978348743404257e-05
0.00032832227288718445
0.00011199543710443433
2.4115203082847487e-05
0.0004982772307704808
3.1252278416160005e-05
1.9968985546052306e-05
