181086177276.5987
205343080487.91846
95537717724.41966
78344356156.6086
249991087814.94348
86572197187.08981
178032450299.75168
40436871266.37463
93931152222.49144
242972156361.04614
52393903376.566475
299423016734.8988
78967821693.66158
148692662964.64655
23636421971.130127
41273379736.76335
303724572238.7051
196586037620.11868
23617413918.320267
229923905845.5142
298681524381.6006
55028223157.13162
75208983517.63773
12488089179.59108
353415149473.23816
203378375127.75543
15673505672.414291
119456152964.76976
63223884465.09619
161877337921.265
135652009925.1661
12121200794.872772
175649871032.95477
30249732749.44513
41095165701.55855
74653588799.48065
239885636480.9396
154378639937.62753
37110776130.15506
19742180526.36946
26418405772.5934
5824479665.79335
224833275424.04526
1778871976.7753906
17387132604.433
8094570314.3629
105473678979.89513
142490125578.91357
14197111577.065369
105029661471.99846
39382712392.43198
67554054685.164246
43537438876.10939
62263748923.17655
128173769308.34015
92816405906.74771
90347525957.61026
138795306382.96442
153463095038.5368
30041657177.438965
223744915790.4065
322537471450.6516
241372098490.74146
131463340821.36617
30634860552.44992
198038196744.43866
10679325330.263412
159367598578.32898
1457669733.490097
15357883964.408813
126094290900.2134
133752010675.23196
201181182995.96854
168576762817.838
198179814657.7849
297740023701.154
132801113033.89273
255630452965.08072
168340443155.55814
94015891464.63425
155288166428.7823
234972726457.1333
119639640436.6567
96497561646.58632
444291623242.6325
44380646071.31014
233308950430.83942
125752216271.81746
184758411841.09802
196982144828.31458
38186488371.6022
187154718375.36865
8093770827.060944
132522975419.92245
14628127133.58133
257769649867.4228
180915094483.23352
43464198396.58194
78104365943.19017
229950620687.51093
71626838048.73071
145701981334.48038
210811553708.55212
293305785247.62634
68466842226.0318
262984480430.18045
286680584871.2751
31180544298.156982
12933792670.122131
101709716086.14227
37425038835.8015
71716621755.85342
247901894116.26526
182481656091.56512
167356998442.31485
211292390029.6679
202986175714.03024
80115712586.04329
123426193233.5126
115373251179.02518
172256928020.53802
189729476819.57343
326614851192.97034
262483906679.91858
4895085223.960785
103507255996.06564
73206633557.59033
216590666659.2694
315906280747.6912
91955779752.35815
90118665147.77998
16608537875.398743
77383217479.20822
269114976950.1242
134423000170.355
55622213830.01907
176012742977.69727
163089760979.34204
115187580139.98976
110549630461.62633
109412732652.15376
387435134706.96686
105954428910.11505
208017973966.45575
140522294383.2136
66994083497.11922
30758432029.15674
160622583085.07428
264607217313.22348
220455236759.2027
10317169363.976562
212509152560.61182
13573085036.37117
10521352647.903137
16756159587.232544
50027802828.7944
85031166539.77301
88791763793.17923
191685169442.10614
183724701181.75916
30021890970.327377
162651082017.5821
68102719386.5603
113413906885.48291
55176488126.93683
3788160522.225754
104434608370.85866
16886333959.550766
4764745755.641449
165353087364.33954
90114959075.25389
268097302497.9553
105892882531.53683
149471762911.53452
97717720101.10219
148907610095.89645
99935036093.11882
183674744494.10175
87625099491.00941
10446955078.442947
232901667267.2366
225256648939.86307
86990209370.19113
229566680024.1609
137209171641.35902
383648345502.4215
147156231856.6684
93504435456.57346
58919611948.87771
285521765128.6581
80048767665.13261
127238362011.49228
135017158085.25298
59920174671.23055
127459464431.23055
74804770869.50066
124569262838.47403
185105224906.10632
117230142174.24533
41735467996.25151
48945687336.084206
279416835747.792
68104849232.50476
200319706186.09637
195130003865.515
95192545390.29004
209893356907.13
47461744040.27075
112200325781.14722
35840412023.67326
144606096402.2364
136765974372.39584
173877088776.29974
109390422977.68234
44797666507.7812
178777671048.96616
265908716741.8034
211733830614.58786
2983652469.2075043
48966594753.967834
15248742813.542282
138735922668.56564
97101356138.32523
297755802498.1367
243693114544.93097
232219261273.7598
106224040960.4184
129481154629.94197
147786096444.93323
77549506127.75714
7819701373.263962
168821854109.01096
34545629260.52989
33011252584.69461
232369359353.02106
20300238473.049133
36910833764.93205
207068605623.66736
158910063117.10516
228280556526.3519
200841014608.87787
101810145956.69635
189392872526.8542
221924165016.42728
30988109744.625275
50291438648.942406
142730493310.25583
24865027334.64543
167040994047.74747
105991880423.0572
