54985061899.92674
105457644143.63643
8510565.876617432
253819654078.02255
309010658505.456
62583265439.3792
32440035593.802277
108096971996.89029
76578195306.31758
242294673721.68292
210242742918.50726
142912425005.30258
16337260848.380447
160955207475.12827
76917261715.86493
35905215750.176636
187535176866.71033
218123597100.9629
328659929032.41113
79165375494.39673
273517569182.73828
53111247234.51514
42341668908.422485
130516671937.36783
209596247708.58734
122273477891.94398
84464347091.8068
73542306980.87396
88071781358.05902
235150162818.89996
201914790671.2505
158519428795.9007
30844451695.734863
347203489.4312134
36473813634.164
258747258251.76654
120919496471.99171
17757098945.73738
139094406568.63358
269580506220.10745
104441288208.34283
287950549665.50024
176226006012.78857
190019464874.3406
37947903148.5275
211993456293.4564
106618195296.31895
124022180434.56192
165766489079.9314
155385333622.52264
108852242920.02203
129192405654.67287
143837880251.45508
28557726606.997375
18200297654.580856
170246376203.9942
168366642901.08417
58127459483.54617
187360537166.2948
162685204167.66556
336867339220.15326
100294574032.21288
124398761421.22348
33008259497.807816
148380707904.60516
96809047540.62375
197468570059.52704
75377376029.82236
310976483457.5511
13714697417.672867
78985470302.99033
96859731548.12296
85923645467.2805
70901570026.85245
30194689217.923004
37422562468.8929
86427090656.6886
206395023176.2813
70439549496.70258
125939812700.0532
98343254766.51459
142364011544.11407
67016090781.33606
78415991661.58209
294809339609.33813
70827332826.47737
21323118052.21875
83186717353.0646
209885817263.75613
188961210794.0636
162220691690.39734
307400695516.6819
40242926435.20636
184449340492.77463
52294505351.49598
286307412783.29474
187809641506.12805
73484122308.15132
21520976698.18062
185501893522.79803
